nz: 38.4 -72.5 60.6
ar: -48.4 -157.2 53.7
al: -63.5 -28.5 -36.7
cz: -136.8 -32.8 109.7
iz: -170.9 -102.6 2.5
s1: -27.6 -128.9 116.7
s2: 20.1 -76.8 118.7
s3: 11.6 -4.8 74.8
s4: -29.8 24.2 26.5
s5: -10.6 5.0 95.5
s6: -18.4 -70.7 148.4
s7: -52.1 -91.4 155.5
s8: -48.4 26.0 78.4
s9: -85.1 14.1 -17.9
s10: -131.9 -15.8 -40.9
s11: -128.2 13.0 -11.9
s12: -177.9 -15.0 -5.5
s13: -76.8 -163.2 87.7
s14: -135.9 -168.7 46.6
s15: -129.0 -152.5 90.8
s16: -179.6 -125.7 69.3
d1: -7.9 -108.4 129.1
d2: 21.1 -44.5 106.4
d3: -5.0 17.5 43.5
d4: -39.9 30.5 52.2
d5: -9.1 -31.7 135.2
d6: -38.2 -117.3 138.5
d7: -36.9 -53.9 160.5
d8: -45.0 -7.7 130.7
d9: -102.5 26.0 9.6
d10: -114.2 1.5 -25.5
d11: -154.8 -11.5 -24.2
d12: -150.6 15.2 23.2
d13: -99.1 -141.2 115.1
d14: -106.4 -169.0 72.0
d15: -154.7 -151.1 63.3
d16: -62.6 5.8 122.8
d17: -59.4 -39.1 134.2
d18: -138.8 -33.5 116.5
d19: -181.1 -65.5 54.9
d20: -123.1 -72.3 -45.8
d21: -120.6 -153.4 -1.3
