nz: 21.2 -9.0 99.5
ar: -69.2 -14.2 170.6
al: -75.7 -18.4 -10.0
cz: -57.2 101.1 64.9
iz: -165.3 11.6 61.8
s1: -8.6 33.1 178.6
s2: 37.0 39.5 130.6
s3: 34.5 38.8 39.5
s4: -15.3 29.4 -18.0
s5: 18.5 66.6 24.9
s6: 29.1 63.3 134.5
s7: 4.3 83.3 139.7
s8: -6.8 79.0 10.3
s9: -77.9 25.4 -37.5
s10: -143.6 17.6 -26.4
s11: -113.4 48.1 -30.7
s12: -145.3 63.3 -0.4
s13: -70.8 27.3 185.1
s14: -135.4 17.4 157.1
s15: -104.0 51.7 163.6
s16: -136.7 67.2 123.6
d1: 20.5 37.8 160.4
d2: 45.2 37.7 88.0
d3: 17.0 28.9 5.1
d4: -13.8 52.2 -13.4
d5: 32.5 77.5 79.4
d6: -5.9 60.8 168.2
d7: 22.8 92.3 103.0
d8: 19.2 84.8 46.7
d9: -78.9 53.6 -32.1
d10: -113.6 24.3 -32.4
d11: -142.0 42.8 -17.8
d12: -113.7 83.3 -14.4
d13: -71.3 55.9 168.8
d14: -110.7 21.3 168.6
d15: -134.6 39.7 147.1
d16: -1.0 95.0 34.2
d17: -3.7 84.2 70.9
d18: -72.1 101.3 61.1
d19: -128.9 70.7 63.9
d20: -159.2 -10.0 12.6
d21: -151.6 -10.2 118.7
