nz: 10.8 10.5 83.0
ar: -91.0 21.2 143.5
al: -69.0 -23.6 2.5
cz: -118.2 119.1 19.6
iz: -189.6 16.9 47.0
s1: -52.6 80.0 144.2
s2: 14.6 79.2 102.8
s3: 24.8 57.8 34.4
s4: -13.2 24.1 -15.8
s5: 1.1 86.4 9.5
s6: -16.1 114.4 93.2
s7: -53.8 130.6 100.0
s8: -24.3 88.2 -12.5
s9: -74.7 8.5 -35.1
s10: -138.7 -2.8 -27.7
s11: -121.0 32.5 -42.9
s12: -164.8 47.2 -28.5
s13: -113.2 75.1 147.2
s14: -172.9 47.3 123.3
s15: -154.4 81.1 123.9
s16: -192.4 81.3 82.9
d1: -26.9 95.4 121.2
d2: 23.8 74.4 69.4
d3: 5.9 45.6 0.7
d4: -19.8 56.3 -19.1
d5: 1.4 111.8 51.2
d6: -49.7 104.3 127.3
d7: -22.7 132.1 64.6
d8: -6.6 105.6 22.6
d9: -77.6 39.1 -45.7
d10: -110.1 8.1 -37.5
d11: -145.1 25.3 -36.8
d12: -124.3 70.3 -44.9
d13: -124.9 103.8 127.3
d14: -148.1 66.9 134.1
d15: -177.7 76.4 108.7
d16: -32.5 118.8 0.3
d17: -44.5 115.8 40.2
d18: -116.2 121.7 20.9
d19: -167.2 80.2 24.1
d20: -154.9 -11.5 12.8
d21: -172.6 13.3 104.0
