nz: 14.4 -9.8 83.5
ar: -81.6 -43.2 138.8
al: -62.7 -20.5 -10.1
cz: -111.1 100.0 79.8
iz: -182.6 -11.8 59.4
s1: -37.4 8.5 163.5
s2: 14.1 37.5 123.6
s3: 24.4 43.8 44.0
s4: -11.4 26.1 -10.4
s5: 8.6 75.4 43.3
s6: -0.4 58.8 136.6
s7: -40.0 72.6 151.9
s8: -28.8 97.3 20.4
s9: -78.3 22.3 -30.5
s10: -134.3 -1.7 -22.2
s11: -118.4 39.8 -25.6
s12: -168.7 52.7 -2.5
s13: -99.1 -8.2 167.3
s14: -157.9 -21.3 139.1
s15: -136.3 16.9 158.5
s16: -184.1 37.4 125.1
d1: -9.8 29.3 150.8
d2: 26.7 44.1 87.2
d3: -6.3 56.4 13.0
d4: -21.8 66.0 2.1
d5: 8.1 84.3 85.8
d6: -38.4 39.8 162.4
d7: -9.8 89.6 114.4
d8: -4.4 96.6 62.9
d9: -93.2 50.0 -24.8
d10: -102.7 1.4 -30.6
d11: -151.1 25.8 -17.3
d12: -137.4 80.2 -7.2
d13: -111.5 33.5 167.1
d14: -133.3 -13.1 155.0
d15: -170.4 3.9 137.0
d16: -26.0 107.8 51.8
d17: -37.3 88.9 86.2
d18: -112.7 99.8 77.1
d19: -167.7 60.4 65.8
d20: -145.5 -34.4 10.0
d21: -159.1 -44.0 97.8
