nz: -58895.1 -27800.1 6811.4
ar: -41189.1 -45187.3 1171.9
al: -48232.7 2853.6 -3703.4
cz: -37558.3 -21186.5 24349.4
iz: -32480.8 -5023.1 22227.3
s1: -33332.9 -47025.2 -475.6
s2: -43174.6 -25784.5 -11722.7
s3: -66719.7 -18695.3 12332.4
s4: -48385.3 -6884.7 25099.8
s5: -68101.8 -11792.4 12630.7
s6: -51550.5 -19205.2 -20152.5
s7: -52151.5 -11325.4 -21395.8
s8: -40362.1 -15039.7 30015.9
s9: -58669.6 3576.2 -5942.9
s10: -43827.6 4227.2 -5936.4
s11: -48558.4 -1195.2 -9926.1
s12: -27727.4 3620.2 22286.9
s13: -52512.0 -43884.4 -1486.4
s14: -44920.9 -35235.1 -1753.9
s15: -40587.1 -39055.2 -4925.6
s16: -35573.9 -35965.9 6372.0
d1: -46991.7 -51762.2 1341.0
d2: -40984.2 -31633.5 -6568.4
d3: -40829.5 -32712.7 -7158.5
d4: -55680.7 -21248.8 -7714.9
d5: -74950.9 -24845.1 -8067.4
d6: -75707.6 -47881.1 -1981.3
d7: -60847.7 -5260.9 -8729.0
d8: -81492.7 -30753.4 27283.4
d9: -28238.6 2444.1 -9802.7
d10: -26315.5 2734.7 -5428.2
d11: -37970.4 6251.7 -4390.8
d12: -23029.1 -691.4 26922.6
d13: -29278.3 -46740.8 -5893.3
d14: -30879.2 -40276.5 -10336.1
d15: -34332.1 -37807.7 -3376.4
d16: -69113.3 -35208.4 27715.2
d17: -36234.6 -29814.4 23820.4
d18: -45208.9 -24447.7 25316.7
d19: -32893.6 -13614.7 25661.5
d20: -18932.5 6748.1 -2072.1
d21: -31360.4 -37413.3 606.1
