nz: 21.9 -0.1 78.8
ar: -67.8 -53.1 163.6
al: -67.3 -39.6 -3.7
cz: -118.2 88.1 92.2
iz: -171.1 -48.4 78.7
s1: -30.8 10.3 180.2
s2: 8.4 57.1 136.5
s3: 35.9 43.1 44.1
s4: -17.7 37.1 2.3
s5: -3.7 85.5 50.3
s6: 1.4 68.3 149.1
s7: -41.2 71.2 162.6
s8: -38.7 91.1 32.2
s9: -76.3 4.6 -16.7
s10: -134.9 -23.6 -10.7
s11: -122.8 22.2 -13.0
s12: -174.5 28.3 14.7
s13: -85.0 -20.1 187.8
s14: -152.3 -43.8 163.2
s15: -136.4 0.5 180.1
s16: -188.2 13.8 144.8
d1: -10.5 26.9 150.1
d2: 26.8 57.5 99.8
d3: -4.8 55.1 24.3
d4: -27.0 60.0 8.7
d5: 2.9 90.8 101.5
d6: -34.2 38.1 178.7
d7: -18.4 94.4 125.6
d8: -16.8 101.9 74.3
d9: -96.5 40.0 -13.8
d10: -104.9 -13.9 -17.8
d11: -152.5 6.8 -4.7
d12: -143.5 57.8 7.6
d13: -108.0 21.2 189.2
d14: -122.3 -35.8 176.3
d15: -166.6 -15.0 160.2
d16: -39.0 104.7 61.9
d17: -32.2 78.9 91.4
d18: -119.3 81.0 92.5
d19: -170.2 34.7 82.5
d20: -139.1 -63.6 26.0
d21: -150.5 -73.0 121.6
