nz: 25.0 -16.6 84.8
ar: -68.4 -39.0 160.9
al: -69.4 -31.9 5.9
cz: -118.0 95.3 73.2
iz: -181.8 -19.3 82.4
s1: -24.8 27.6 178.7
s2: 43.1 14.5 113.0
s3: 27.7 35.6 34.8
s4: -26.9 23.9 -10.9
s5: 1.6 70.1 29.7
s6: 4.0 82.2 123.2
s7: -39.5 91.7 143.2
s8: -66.1 125.2 11.0
s9: -90.6 3.8 -25.3
s10: -152.1 -15.0 -9.0
s11: -135.5 23.0 -18.8
s12: -177.6 33.0 12.6
s13: -86.1 11.7 190.7
s14: -153.5 -8.3 170.7
s15: -135.7 34.3 178.1
s16: -178.0 37.9 142.6
d1: 1.9 48.5 154.9
d2: 29.2 55.0 78.3
d3: 2.6 30.9 3.6
d4: -43.0 69.5 -5.3
d5: 6.3 88.6 78.3
d6: -17.0 41.1 167.9
d7: -9.9 95.1 107.3
d8: -15.5 96.5 51.6
d9: -99.3 31.0 -22.9
d10: -120.5 -10.2 -20.5
d11: -147.6 -8.3 -4.8
d12: -149.7 58.5 -1.6
d13: -99.4 45.5 177.5
d14: -122.1 -1.4 184.4
d15: -169.1 16.0 160.5
d16: -50.0 116.3 38.6
d17: -49.4 97.6 69.8
d18: -123.3 97.6 73.7
d19: -172.6 51.7 77.6
d20: -154.3 -39.0 29.9
d21: -150.8 -39.4 133.6
