nz: 27.3 -12.2 86.2
ar: -87.7 -35.7 163.0
al: -79.3 -40.7 -6.2
cz: -108.3 100.6 78.9
iz: -191.7 -35.3 75.2
s1: -26.1 23.8 177.0
s2: 12.3 61.4 111.7
s3: 21.0 40.2 24.9
s4: -34.1 30.2 -15.4
s5: -6.3 77.8 25.1
s6: 0.4 81.0 124.3
s7: -26.7 85.6 149.4
s8: -34.6 81.5 8.1
s9: -99.3 4.6 -32.7
s10: -161.9 -10.8 -13.6
s11: -142.5 34.1 -21.6
s12: -175.4 49.5 15.1
s13: -76.4 -10.9 189.9
s14: -157.9 -4.6 169.3
s15: -136.0 35.3 179.2
s16: -181.4 49.8 146.9
d1: 3.8 40.5 154.1
d2: 27.9 49.2 75.8
d3: -5.4 38.4 7.6
d4: -30.5 52.5 -6.8
d5: 10.2 86.6 74.3
d6: -20.0 47.8 172.9
d7: -20.9 108.0 100.4
d8: -20.6 100.2 48.2
d9: -104.2 43.6 -26.8
d10: -128.8 -3.3 -24.7
d11: -173.4 26.8 -2.2
d12: -149.1 76.8 -6.8
d13: -100.5 49.1 183.0
d14: -123.5 -5.4 183.7
d15: -171.4 24.8 162.9
d16: -31.6 98.7 39.6
d17: -36.8 88.2 76.3
d18: -108.3 101.9 80.4
d19: -180.3 68.6 77.5
d20: -166.8 -40.9 26.4
d21: -164.6 -41.8 131.7
