nz: 14.9 71.8 57.0
ar: -95.5 141.2 83.9
al: -97.7 -12.2 17.4
cz: -111.8 121.5 -75.3
iz: -190.8 87.0 15.7
s1: -23.2 169.6 43.0
s2: 29.0 121.4 7.1
s3: 14.6 31.6 -20.3
s4: -33.2 0.0 -30.5
s5: 1.9 50.4 -46.7
s6: 2.1 157.4 -31.2
s7: -29.9 176.2 -34.0
s8: -40.2 42.6 -76.8
s9: -106.2 -20.2 -28.7
s10: -166.1 -1.5 -14.3
s11: -145.3 4.9 -50.5
s12: -182.9 39.3 -47.3
s13: -84.8 184.4 50.6
s14: -153.7 160.7 53.5
s15: -126.1 180.0 18.3
s16: -169.3 157.9 1.3
d1: 9.7 155.5 33.5
d2: 24.6 102.9 -19.6
d3: -5.2 5.4 -20.9
d4: -35.4 11.6 -57.0
d5: 13.9 104.1 -40.1
d6: -23.5 182.2 2.1
d7: -9.7 144.8 -64.3
d8: -10.4 97.4 -65.8
d9: -106.4 -0.2 -59.8
d10: -137.6 -10.2 -22.5
d11: -173.2 16.2 -35.4
d12: -145.6 45.2 -81.2
d13: -91.3 192.4 12.6
d14: -126.6 178.0 39.5
d15: -159.0 165.0 27.7
d16: -34.2 79.1 -85.5
d17: -35.5 111.1 -55.6
d18: -111.6 120.2 -75.3
d19: -164.0 111.3 -39.0
d20: -168.3 25.3 33.3
d21: -158.9 119.7 68.8
