nz: 13.5 4.2 82.4
ar: -89.7 -23.9 146.7
al: -75.7 -35.5 -9.7
cz: -122.0 88.9 49.9
iz: -180.9 -31.0 56.5
s1: -43.0 44.0 155.3
s2: 12.9 68.3 100.5
s3: 7.5 51.1 21.7
s4: -28.3 16.0 -14.8
s5: -11.9 68.4 13.7
s6: -11.9 91.1 105.0
s7: -51.2 95.2 122.6
s8: -46.1 73.7 -3.8
s9: -84.9 -13.1 -35.3
s10: -147.7 -37.9 -20.2
s11: -132.3 0.7 -28.0
s12: -173.5 16.7 -10.2
s13: -99.8 16.4 169.2
s14: -160.1 -9.3 147.2
s15: -141.3 29.1 149.5
s16: -186.8 33.5 116.5
d1: -6.6 50.6 134.4
d2: 15.5 73.7 65.2
d3: -0.1 29.4 -2.5
d4: -36.8 45.0 -14.6
d5: -6.0 90.5 52.0
d6: -48.2 71.5 143.0
d7: -24.1 102.3 82.3
d8: -25.2 94.0 28.9
d9: -100.0 15.9 -33.0
d10: -119.2 -27.2 -27.3
d11: -156.3 -9.4 -18.1
d12: -148.3 37.8 -21.2
d13: -117.9 52.5 153.6
d14: -130.4 3.8 160.6
d15: -172.7 14.0 137.1
d16: -59.8 94.0 13.4
d17: -52.2 93.5 54.7
d18: -120.6 86.7 50.4
d19: -182.4 39.1 54.2
d20: -153.1 -48.8 116.2
d21: -147.8 -65.8 22.9
