nz: 17.2 -8.3 77.3
ar: -74.2 -82.5 139.4
al: -67.8 -49.9 -8.4
cz: -134.1 64.7 96.2
iz: -185.7 -55.5 64.6
s1: -36.1 -19.2 168.4
s2: 8.3 26.4 130.2
s3: 7.2 47.2 52.3
s4: -32.7 37.9 7.6
s5: -17.5 77.5 55.6
s6: -15.7 46.3 140.8
s7: -58.1 46.8 161.4
s8: -55.7 81.6 36.8
s9: -83.8 4.1 -22.4
s10: -148.8 -27.5 -18.8
s11: -139.6 16.9 -12.2
s12: -184.5 11.2 16.7
s13: -94.3 -57.2 172.0
s14: -149.0 -79.7 144.1
s15: -138.9 -38.6 170.4
s16: -188.4 -23.1 140.1
d1: -14.0 2.1 159.6
d2: 11.5 45.2 99.8
d3: -23.6 52.9 26.4
d4: -40.3 60.0 16.2
d5: -37.9 84.8 108.4
d6: -48.7 8.3 175.5
d7: -39.0 67.0 134.7
d8: -31.9 84.4 82.0
d9: -109.3 32.4 -13.6
d10: -115.0 -12.5 -23.8
d11: -167.9 -1.8 -8.0
d12: -168.8 43.1 14.5
d13: -117.1 -22.3 178.9
d14: -125.0 -71.1 160.1
d15: -171.8 -53.0 148.1
d16: -62.0 91.1 72.0
d17: -64.2 66.1 101.6
d18: -125.1 56.1 93.8
d19: -181.2 8.9 81.8
d20: -148.7 -70.9 6.3
d21: -149.8 -97.8 100.4
