nz: 11.1 -17.4 77.3
ar: -74.2 -60.9 141.2
al: -74.0 -24.9 -8.7
cz: -124.8 80.0 89.6
iz: -181.1 -37.8 52.6
s1: -26.6 -2.6 164.4
s2: 26.4 27.6 114.6
s3: 18.3 38.7 41.0
s4: -38.0 35.4 -1.8
s5: -12.3 66.9 38.8
s6: -1.4 52.7 132.2
s7: -36.7 57.4 147.8
s8: -44.8 77.7 29.2
s9: -96.7 20.9 -23.4
s10: -161.7 -6.7 -10.6
s11: -136.8 37.9 -8.3
s12: -182.2 39.1 22.1
s13: -90.3 -19.9 174.7
s14: -152.5 -35.0 153.6
s15: -134.3 -0.3 168.1
s16: -175.6 11.9 144.2
d1: -2.8 12.0 152.4
d2: 26.3 41.9 78.1
d3: -5.6 40.3 17.7
d4: -37.6 53.3 5.8
d5: 3.8 70.4 87.2
d6: -32.7 30.2 164.7
d7: -16.7 76.7 113.5
d8: -21.7 84.0 66.1
d9: -102.0 45.2 -10.2
d10: -121.3 8.4 -17.9
d11: -167.8 21.3 0.0
d12: -151.6 64.7 13.1
d13: -104.3 11.3 178.3
d14: -124.1 -26.7 166.9
d15: -159.5 -4.8 155.1
d16: -48.7 91.5 52.0
d17: -42.5 69.4 94.0
d18: -114.3 74.0 86.8
d19: -169.7 38.6 80.4
d20: -152.6 -45.7 18.3
d21: -153.2 -58.5 114.2
