nz: 21.7 -28.9 75.5
ar: -67.7 -89.6 128.7
al: -59.3 -32.1 -17.0
cz: -150.6 58.4 101.4
iz: -178.8 -65.1 49.5
s1: -49.0 -19.4 166.0
s2: -1.0 22.6 132.4
s3: 6.3 49.4 59.1
s4: -28.9 41.6 4.0
s5: -25.4 74.7 67.3
s6: -27.7 38.5 146.5
s7: -76.4 29.7 163.1
s8: -65.4 79.4 45.8
s9: -90.9 20.3 -29.9
s10: -140.7 -28.8 -26.4
s11: -138.9 20.6 -18.5
s12: -186.0 5.2 5.1
s13: -104.1 -65.7 165.2
s14: -149.2 -89.9 123.4
s15: -149.8 -49.5 151.1
s16: -188.5 -44.8 120.9
d1: -17.7 -2.9 151.7
d2: -26.0 68.6 106.9
d3: -21.4 57.3 28.0
d4: -49.0 66.8 20.6
d5: -27.1 67.1 108.6
d6: -56.7 -5.0 168.2
d7: -53.4 62.6 133.0
d8: -45.8 78.6 87.9
d9: -115.3 44.5 -12.7
d10: -116.9 -2.6 -31.4
d11: -158.1 -4.8 -16.6
d12: -163.0 39.2 4.5
d13: -131.5 -35.3 165.7
d14: -131.5 -77.5 148.6
d15: -161.9 -68.8 130.2
d16: -65.2 78.4 79.0
d17: -82.6 65.1 105.0
d18: -156.2 57.9 90.1
d19: -192.1 -1.4 68.2
d20: -140.8 -60.5 -2.3
d21: -130.3 -112.9 86.1
