nz: 24.4 -26.0 75.0
ar: -72.8 -75.5 147.4
al: -71.1 -31.6 -9.7
cz: -127.7 67.2 104.2
iz: -183.0 -53.6 62.1
s1: -43.7 -7.3 176.9
s2: 10.8 29.7 136.8
s3: 13.0 53.5 54.1
s4: -28.9 49.1 6.7
s5: -8.7 74.8 64.6
s6: -36.9 63.9 151.2
s7: -56.2 47.6 162.4
s8: -46.4 87.8 46.1
s9: -87.8 19.3 -21.9
s10: -145.0 -18.0 -17.7
s11: -134.2 31.1 -12.6
s12: -173.5 21.9 12.0
s13: -103.9 -42.8 177.7
s14: -160.2 -64.6 144.4
s15: -148.1 -22.9 166.3
s16: -192.1 -7.0 135.5
d1: -16.8 7.6 167.7
d2: 13.6 47.1 111.3
d3: -9.0 57.4 29.4
d4: -34.6 69.4 19.7
d5: -5.7 67.9 107.5
d6: -50.1 20.4 175.7
d7: -54.0 81.0 138.1
d8: -27.6 87.6 85.2
d9: -104.9 44.5 -7.9
d10: -112.4 -2.9 -25.8
d11: -162.9 8.5 -5.2
d12: -155.4 51.4 12.3
d13: -127.5 -10.0 174.2
d14: -131.0 -61.2 161.9
d15: -174.3 -38.4 144.9
d16: -47.5 94.2 75.3
d17: -54.3 70.0 99.8
d18: -119.7 61.7 96.5
d19: -175.2 25.2 78.3
d20: -140.7 -61.4 10.8
d21: -149.6 -80.2 100.2
