nz: 17.9 -21.3 75.8
ar: -86.9 -70.2 143.4
al: -64.4 -54.6 -14.6
cz: -151.4 60.0 91.0
iz: -193.9 -66.9 62.3
s1: -38.0 -23.8 170.6
s2: -0.1 25.6 128.1
s3: 2.8 41.9 45.7
s4: -45.4 37.5 1.0
s5: -52.2 87.9 57.1
s6: -21.6 37.2 142.8
s7: -55.0 27.9 161.1
s8: -70.8 79.1 37.5
s9: -103.6 -0.2 -29.9
s10: -158.7 -33.4 -20.2
s11: -150.8 10.8 -14.7
s12: -200.5 8.9 14.7
s13: -99.0 -58.7 172.5
s14: -166.4 -77.7 149.8
s15: -149.9 -38.6 169.8
s16: -199.7 -25.3 135.6
d1: -24.6 -0.1 156.8
d2: 6.4 39.3 97.1
d3: -31.0 49.0 19.6
d4: -54.0 61.7 16.3
d5: -20.9 65.6 103.1
d6: -47.8 -0.5 171.5
d7: -47.0 62.0 127.2
d8: -38.9 77.8 78.5
d9: -120.5 32.2 -15.0
d10: -130.6 -18.2 -29.2
d11: -177.0 -7.3 -8.4
d12: -170.2 38.7 9.3
d13: -116.5 -28.4 177.4
d14: -137.7 -71.8 162.4
d15: -172.1 -57.4 146.3
d16: -68.4 81.5 68.3
d17: -73.7 68.1 99.5
d18: -144.9 56.1 95.9
d19: -194.7 10.7 80.0
d20: -158.2 -73.6 7.6
d21: -156.5 -102.2 102.7
