nz: 22.9 -31.9 86.8
ar: -69.2 -64.1 152.7
al: -83.0 -27.9 -8.7
cz: -103.7 97.0 104.3
iz: -187.9 -8.1 77.2
s1: -27.2 6.6 175.1
s2: 22.4 37.0 118.2
s3: 18.8 43.6 36.9
s4: -27.7 34.8 -2.1
s5: 2.7 75.2 43.2
s6: 6.2 63.7 134.0
s7: -34.9 80.4 158.7
s8: -29.6 87.6 27.3
s9: -97.5 33.6 -19.3
s10: -161.9 14.8 -3.9
s11: -139.7 57.5 -5.7
s12: -187.5 73.2 33.1
s13: -83.8 -15.9 190.1
s14: -158.8 -15.6 173.1
s15: -130.0 12.3 186.0
s16: -171.8 42.0 163.0
d1: 18.7 -6.5 150.2
d2: 29.4 38.6 79.5
d3: -18.9 65.7 17.6
d4: -29.5 65.5 6.5
d5: 19.6 69.8 86.5
d6: -25.1 31.3 174.4
d7: 0.4 77.1 123.8
d8: -9.3 98.7 70.8
d9: -99.2 65.4 -8.2
d10: -134.9 29.8 -12.9
d11: -166.3 42.1 7.8
d12: -141.9 90.4 23.1
d13: -92.4 22.5 190.8
d14: -126.6 -14.1 181.8
d15: -163.5 6.6 170.2
d16: -23.4 100.2 56.2
d17: -28.6 85.5 95.1
d18: -103.4 96.3 100.4
d19: -175.0 67.7 99.5
d20: -168.9 -21.5 28.1
d21: -164.3 -44.6 127.2
