nz: 12.0 -9.8 83.7
ar: -84.8 -75.4 171.7
al: -64.8 -46.4 -4.6
cz: -128.3 52.1 105.8
iz: -179.0 -72.4 78.3
s1: -51.8 -21.9 201.0
s2: 6.1 28.7 153.0
s3: 6.2 49.0 62.8
s4: -24.9 36.1 2.1
s5: -3.7 63.5 64.0
s6: -26.3 44.1 168.2
s7: -70.9 41.3 185.7
s8: -49.1 76.1 47.6
s9: -76.5 -5.1 -24.3
s10: -138.6 -40.7 -16.1
s11: -126.3 5.9 -11.6
s12: -159.4 1.2 12.7
s13: -110.2 -59.9 201.1
s14: -172.4 -78.6 169.2
s15: -154.4 -43.2 190.7
s16: -189.1 -28.7 153.2
d1: -28.1 2.5 190.0
d2: 15.2 39.4 115.7
d3: -1.6 46.4 33.3
d4: -47.9 60.6 24.3
d5: -16.4 70.3 116.3
d6: -63.7 10.7 201.7
d7: -43.7 67.4 148.6
d8: -33.0 80.4 92.3
d9: -103.7 25.5 -9.2
d10: -105.0 -24.3 -26.9
d11: -153.9 -12.3 -5.0
d12: -144.3 34.6 7.9
d13: -124.2 -20.7 201.6
d14: -138.7 -69.1 188.4
d15: -176.4 -50.8 163.1
d16: -50.7 85.1 80.3
d17: -61.1 62.2 113.7
d18: -125.8 46.8 100.8
d19: -168.0 2.1 86.1
d20: -147.5 -74.9 13.5
d21: -167.1 -96.8 122.5
