nz: 22.6 -17.1 74.4
ar: -70.3 -46.9 159.9
al: -85.2 -32.0 -2.6
cz: -100.3 87.4 96.7
iz: -190.3 -12.6 87.4
s1: -21.1 1.5 177.6
s2: 25.5 43.1 119.6
s3: 16.3 47.9 32.0
s4: -35.4 42.8 -8.1
s5: 2.8 70.9 37.0
s6: 16.1 57.2 130.5
s7: -16.3 57.1 157.6
s8: -36.7 87.9 29.1
s9: -101.6 23.5 -24.4
s10: -173.6 1.6 4.9
s11: -142.2 43.1 -7.1
s12: -180.0 52.8 31.9
s13: -82.8 -7.8 195.0
s14: -149.2 -16.0 178.1
s15: -122.6 13.6 190.6
s16: -170.0 35.6 159.6
d1: 5.5 18.8 159.1
d2: 34.8 37.9 80.4
d3: -5.2 37.5 3.8
d4: -29.5 55.3 -0.8
d5: 21.2 64.3 82.1
d6: -17.5 36.1 172.2
d7: -3.3 79.5 116.3
d8: -4.2 84.7 61.8
d9: -111.8 53.5 -12.8
d10: -137.0 8.6 -18.1
d11: -175.7 29.9 13.6
d12: -142.9 74.2 20.4
d13: -86.7 25.0 191.9
d14: -122.9 -18.3 189.8
d15: -159.0 11.1 174.8
d16: -16.0 77.1 52.2
d17: -22.7 65.6 87.1
d18: -96.9 84.9 94.7
d19: -159.5 55.7 99.6
d20: -171.0 -28.6 35.2
d21: -161.3 -39.7 138.6
