nz: 19.0 -20.9 79.8
ar: -91.5 -61.2 150.1
al: -80.0 -29.9 -3.0
cz: -96.3 91.8 93.4
iz: -185.2 -10.8 68.3
s1: -38.0 2.8 184.3
s2: 22.6 25.2 135.9
s3: 23.0 43.1 52.9
s4: -16.0 37.2 0.7
s5: 14.5 69.9 53.3
s6: 7.3 54.3 143.5
s7: -31.4 63.8 167.8
s8: -16.0 88.8 38.0
s9: -73.3 28.2 -22.3
s10: -143.5 15.3 -14.9
s11: -120.8 51.4 -12.4
s12: -162.1 61.0 15.0
s13: -102.4 -4.8 195.7
s14: -160.2 -13.8 163.5
s15: -142.1 24.8 183.1
s16: -173.6 44.5 144.6
d1: -9.3 19.5 168.0
d2: 31.1 40.9 96.9
d3: 4.9 43.7 17.4
d4: -17.3 64.2 12.9
d5: 18.7 71.5 99.3
d6: -34.0 33.3 181.8
d7: -5.6 81.5 130.2
d8: 13.6 76.6 71.0
d9: -85.4 63.4 -10.0
d10: -115.5 28.0 -18.0
d11: -152.9 41.2 -2.1
d12: -119.4 83.2 8.8
d13: -110.0 34.8 194.0
d14: -140.4 -5.1 179.8
d15: -173.0 15.3 160.1
d16: -13.9 94.6 63.8
d17: -25.4 82.5 98.3
d18: -97.2 96.3 93.3
d19: -163.6 63.2 80.1
d20: -156.9 -19.4 21.2
d21: -169.9 -35.5 118.2
