nz: -0.0 31.8 71.5
ar: -94.0 89.7 117.5
al: -92.3 -6.7 8.3
cz: -75.7 142.7 -22.9
iz: -178.7 71.4 29.8
s1: -29.6 121.0 112.8
s2: 29.7 90.7 66.2
s3: 26.7 39.7 1.9
s4: -25.6 10.5 -25.3
s5: 19.4 65.5 -20.0
s6: 20.0 125.7 53.2
s7: -10.9 150.2 61.7
s8: -11.3 71.4 -50.5
s9: -89.9 -0.5 -35.7
s10: -150.5 17.7 -30.7
s11: -121.4 35.3 -57.3
s12: -157.3 78.8 -56.6
s13: -87.9 132.3 121.5
s14: -153.4 126.5 98.6
s15: -124.7 153.8 88.2
s16: -163.7 157.1 44.3
d1: -7.2 99.3 87.9
d2: 37.9 78.1 35.2
d3: -2.0 17.9 -13.1
d4: -18.1 31.2 -36.1
d5: 33.1 108.9 12.1
d6: -12.4 141.0 88.2
d7: 18.8 135.4 15.9
d8: 19.4 94.8 -16.2
d9: -85.7 36.6 -63.3
d10: -122.2 10.4 -43.0
d11: -151.6 50.0 -52.7
d12: -123.8 79.0 -72.5
d13: -81.7 163.1 89.0
d14: -125.5 131.9 110.7
d15: -156.0 146.1 76.6
d16: -10.2 103.6 -44.1
d17: -12.2 122.0 -10.7
d18: -78.7 144.7 -25.0
d19: -149.2 127.9 -18.2
d20: -167.6 76.7 86.8
d21: -164.7 21.1 15.0
