nz: 26.4 17.7 75.9
ar: -75.3 23.8 149.0
al: -78.9 -27.9 10.2
cz: -111.0 128.7 38.3
iz: -178.1 12.5 83.1
s1: -23.4 81.8 156.2
s2: 24.5 86.8 92.0
s3: 18.3 56.0 11.3
s4: -22.7 30.9 -21.3
s5: 9.5 80.1 6.1
s6: 9.2 118.3 99.0
s7: -31.5 133.7 109.0
s8: -31.0 85.4 -12.7
s9: -92.6 12.8 -29.3
s10: -156.7 3.3 -13.1
s11: -137.2 39.3 -25.5
s12: -180.3 57.7 -1.5
s13: -84.0 75.7 171.0
s14: -149.2 50.0 158.6
s15: -121.1 91.4 152.2
s16: -168.2 90.3 127.1
d1: 17.0 72.9 115.5
d2: 34.3 72.6 47.5
d3: -6.7 40.0 -11.7
d4: -29.4 57.1 -24.2
d5: 9.8 115.7 46.2
d6: -17.6 104.9 138.2
d7: -17.8 142.8 60.6
d8: -11.0 112.8 18.6
d9: -96.6 45.6 -35.4
d10: -126.1 8.8 -21.5
d11: -168.2 26.3 -9.3
d12: -144.5 74.4 -21.8
d13: -90.1 103.6 156.0
d14: -121.3 61.2 162.2
d15: -158.4 75.1 145.3
d16: -34.1 118.2 7.7
d17: -31.2 118.6 44.5
d18: -108.0 124.2 42.4
d19: -167.7 88.6 61.4
d20: -154.3 -19.4 33.9
d21: -149.5 11.3 126.2
