nz: 14.3 -16.3 85.4
ar: -91.8 -42.3 149.0
al: -83.3 -24.4 -4.2
cz: -109.5 107.6 84.5
iz: -195.6 -19.6 58.6
s1: -45.1 14.1 167.7
s2: 20.1 28.6 125.5
s3: 30.8 35.4 40.9
s4: -24.2 40.2 -6.4
s5: 9.0 75.5 43.8
s6: 1.2 57.4 139.3
s7: -42.0 75.2 155.9
s8: -26.1 94.0 27.0
s9: -84.4 29.4 -28.5
s10: -153.2 15.8 -25.6
s11: -130.4 52.6 -26.0
s12: -174.5 71.4 -2.6
s13: -109.6 0.7 175.1
s14: -180.2 -1.0 148.5
s15: -153.0 33.3 166.0
s16: -194.4 55.5 128.7
d1: -18.2 23.9 159.4
d2: 27.0 39.5 90.8
d3: -0.8 49.5 12.6
d4: -23.0 69.2 3.9
d5: 12.8 79.3 91.1
d6: -44.1 43.0 167.9
d7: -9.7 90.7 120.8
d8: -8.8 102.0 64.5
d9: -90.4 63.4 -25.0
d10: -127.0 34.8 -26.2
d11: -175.2 53.3 -15.5
d12: -131.0 89.5 -10.8
d13: -114.7 37.3 174.8
d14: -149.4 2.6 166.9
d15: -189.4 25.4 143.1
d16: -21.6 105.8 55.7
d17: -29.6 88.0 91.1
d18: -109.1 102.8 81.6
d19: -177.4 75.3 66.6
d20: -163.7 -19.7 11.7
d21: -174.9 -34.7 105.9
