nz: 21.0 7.8 80.8
ar: -77.1 -2.0 155.7
al: -66.1 -31.4 11.7
cz: -105.9 110.6 49.4
iz: -178.2 -4.0 75.1
s1: -36.4 60.1 158.4
s2: 20.9 70.9 114.1
s3: 30.8 54.9 36.1
s4: -13.8 29.5 -9.9
s5: 9.9 84.8 23.3
s6: -0.6 100.0 110.8
s7: -41.9 114.1 124.4
s8: -28.0 93.1 -0.6
s9: -77.6 -1.6 -21.8
s10: -140.5 -15.9 -7.0
s11: -119.3 25.2 -27.0
s12: -168.8 44.6 -3.7
s13: -98.3 47.2 174.7
s14: -158.2 23.8 156.1
s15: -138.4 71.4 159.0
s16: -184.1 72.3 115.4
d1: -12.0 65.7 131.3
d2: 30.6 75.1 79.7
d3: 11.5 43.1 8.1
d4: -18.9 57.2 -12.4
d5: 9.3 105.9 64.0
d6: -37.0 90.8 147.2
d7: -10.7 119.9 85.4
d8: -5.3 111.2 37.1
d9: -86.2 36.2 -32.0
d10: -109.2 -3.9 -21.9
d11: -149.0 13.2 -13.5
d12: -134.7 66.1 -24.8
d13: -106.3 88.8 161.1
d14: -134.1 39.2 166.0
d15: -173.7 52.8 138.4
d16: -29.3 110.2 17.3
d17: -34.3 104.8 58.5
d18: -110.8 115.0 46.1
d19: -162.0 72.5 50.0
d20: -143.0 -32.2 37.7
d21: -159.9 -11.1 122.2
