nz: 15.6 16.4 77.4
ar: -62.7 -43.0 153.4
al: -64.5 -32.3 7.4
cz: -104.8 83.6 91.7
iz: -161.3 -41.2 85.1
s1: -12.9 2.2 165.8
s2: 36.9 23.0 119.4
s3: 54.8 3.1 42.9
s4: -17.6 31.2 2.3
s5: 7.6 70.7 47.4
s6: 2.9 68.8 136.7
s7: -25.4 64.7 160.6
s8: -37.0 84.1 28.0
s9: -69.2 -0.5 -19.0
s10: -133.5 -19.3 -6.4
s11: -120.2 22.5 -7.1
s12: -171.3 35.7 22.0
s13: -77.2 -19.9 181.0
s14: -136.9 -37.8 160.4
s15: -123.1 3.1 173.1
s16: -167.7 16.6 146.7
d1: 12.2 14.1 153.3
d2: 45.9 26.7 87.2
d3: 1.3 40.5 18.6
d4: -31.4 66.5 13.8
d5: 13.2 78.9 90.3
d6: -25.3 32.9 172.3
d7: -11.5 91.1 122.7
d8: 0.3 88.8 68.8
d9: -91.7 33.7 -10.3
d10: -102.8 -12.7 -15.8
d11: -150.1 11.3 -0.8
d12: -139.4 58.7 11.6
d13: -97.1 11.9 180.7
d14: -109.0 -26.2 178.9
d15: -150.4 -12.4 160.9
d16: -38.4 103.1 60.2
d17: -31.8 80.2 93.7
d18: -97.7 79.8 86.3
d19: -156.7 37.5 82.8
d20: -133.4 -59.2 27.5
d21: -134.3 -64.6 121.6
