nz: 22.6 -12.5 80.9
ar: -68.9 -63.0 138.9
al: -60.0 -36.8 -5.1
cz: -114.7 71.2 106.5
iz: -176.3 -50.8 65.0
s1: -27.9 -3.9 169.7
s2: 16.9 32.9 127.3
s3: 16.0 48.6 52.4
s4: -37.6 55.2 9.5
s5: 4.7 71.3 56.8
s6: -4.5 52.5 143.8
s7: -41.3 46.7 167.8
s8: -47.9 91.8 44.0
s9: -84.8 22.1 -19.4
s10: -144.3 -11.2 -13.7
s11: -127.2 33.0 -16.3
s12: -185.2 27.4 28.1
s13: -89.3 -41.4 173.3
s14: -143.8 -66.7 143.5
s15: -125.8 -33.1 167.3
s16: -171.1 -13.5 143.9
d1: 0.9 15.0 152.4
d2: 5.8 58.5 96.7
d3: -5.6 51.4 24.4
d4: -31.0 67.7 17.7
d5: 0.2 73.9 106.0
d6: -35.0 15.6 175.5
d7: -14.3 66.7 133.9
d8: -21.2 91.1 85.9
d9: -100.4 56.7 -8.0
d10: -113.0 6.0 -24.4
d11: -159.2 12.8 -2.6
d12: -154.4 66.0 17.4
d13: -101.3 -12.7 179.2
d14: -120.3 -54.4 164.0
d15: -156.9 -40.8 148.6
d16: -50.7 102.2 80.7
d17: -64.5 88.8 111.8
d18: -123.4 70.3 104.3
d19: -167.0 23.4 89.7
d20: -145.3 -50.0 12.6
d21: -143.9 -84.3 103.4
