nz: 22.4 -13.3 81.0
ar: -77.1 -32.5 156.7
al: -82.6 -18.2 -0.8
cz: -112.3 93.0 87.6
iz: -177.0 -7.6 87.0
s1: -10.8 23.9 166.0
s2: 28.3 38.4 109.4
s3: 9.7 49.0 30.7
s4: -38.1 36.5 -11.2
s5: -9.3 72.2 26.8
s6: 9.6 67.0 115.9
s7: -32.1 86.3 143.0
s8: -42.8 87.5 18.5
s9: -102.7 20.6 -21.6
s10: -162.4 -1.0 2.8
s11: -144.9 40.9 -1.5
s12: -179.5 48.0 31.0
s13: -76.8 2.6 186.3
s14: -145.1 -4.2 168.4
s15: -113.0 19.1 176.5
s16: -170.8 37.3 152.6
d1: 8.8 33.9 148.4
d2: 27.0 45.2 65.7
d3: -6.1 39.8 6.7
d4: -32.4 48.7 -4.0
d5: -20.6 107.9 66.9
d6: -20.7 59.4 159.6
d7: -11.0 94.2 99.6
d8: -17.9 93.7 51.8
d9: -109.0 50.7 -13.9
d10: -132.6 8.5 -10.8
d11: -172.2 28.0 12.3
d12: -149.0 71.5 14.4
d13: -86.8 38.3 183.0
d14: -118.6 0.7 178.8
d15: -151.6 16.6 163.7
d16: -44.1 99.5 41.4
d17: -36.8 88.6 73.6
d18: -117.6 92.8 85.2
d19: -165.3 53.7 88.5
d20: -161.4 -30.9 40.6
d21: -149.1 -34.1 133.4
