nz: 13.0 2.3 83.3
ar: -97.0 -26.5 154.6
al: -68.5 -35.9 -10.1
cz: -123.6 86.3 64.7
iz: -181.9 -36.2 65.1
s1: -50.3 29.5 173.3
s2: 2.7 61.1 113.8
s3: 4.6 55.7 33.6
s4: -23.3 18.3 -11.2
s5: -11.1 75.1 29.6
s6: -17.7 83.8 120.3
s7: -59.7 90.0 141.2
s8: -39.7 76.0 10.1
s9: -75.8 -14.7 -34.3
s10: -140.7 -36.8 -18.6
s11: -125.2 4.4 -26.2
s12: -169.2 13.8 -2.9
s13: -109.3 8.5 183.4
s14: -164.6 -25.5 152.9
s15: -151.5 19.6 164.2
s16: -195.6 22.1 119.5
d1: -23.9 51.8 149.5
d2: 8.0 68.5 81.8
d3: -1.8 36.4 6.8
d4: -32.3 49.6 -6.3
d5: -10.7 93.9 71.5
d6: -52.8 62.1 161.7
d7: -35.8 108.5 97.2
d8: -26.7 100.3 46.1
d9: -96.1 23.7 -31.1
d10: -115.1 -28.4 -28.9
d11: -152.5 -9.9 -15.9
d12: -145.0 38.8 -13.5
d13: -120.1 38.0 172.0
d14: -140.0 -6.7 173.6
d15: -176.3 2.6 145.6
d16: -55.4 95.1 27.9
d17: -53.2 92.7 70.8
d18: -131.0 90.7 63.8
d19: -186.5 30.2 59.4
d20: -158.9 -56.5 122.4
d21: -142.1 -70.7 18.1

