nz: 23.5 -9.0 78.9
ar: -71.3 -26.9 168.7
al: -86.1 -31.9 -0.3
cz: -111.1 106.1 90.5
iz: -188.3 -3.6 98.1
s1: -21.2 38.0 176.2
s2: 26.0 59.3 108.0
s3: 14.2 53.1 31.9
s4: -28.8 39.3 -9.8
s5: -1.3 82.0 33.5
s6: 7.9 85.2 121.4
s7: -22.9 94.0 146.8
s8: -34.1 86.7 18.0
s9: -108.7 31.4 -19.8
s10: -169.7 7.3 4.5
s11: -142.1 44.8 -9.1
s12: -185.9 59.3 31.0
s13: -85.0 29.0 200.0
s14: -151.6 6.3 180.3
s15: -124.0 43.8 188.5
s16: -170.1 55.4 159.6
d1: 6.7 53.9 149.0
d2: 35.9 49.2 76.7
d3: -4.7 47.5 10.3
d4: -38.1 71.0 -1.1
d5: 1.1 101.0 80.2
d6: -11.3 62.8 166.1
d7: -10.6 107.1 104.3
d8: -17.2 109.5 61.1
d9: -111.0 62.1 -13.1
d10: -137.6 14.2 -12.6
d11: -178.0 33.5 12.3
d12: -157.5 85.4 19.5
d13: -88.4 56.8 192.8
d14: -118.3 15.1 192.2
d15: -159.7 31.0 175.7
d16: -40.5 115.6 47.9
d17: -38.0 99.3 84.0
d18: -122.8 110.7 90.2
d19: -166.7 69.9 94.4
d20: -165.7 -25.6 40.6
d21: -150.5 -29.7 141.2
