nz: 26.5 -37.3 79.9
ar: -82.1 -83.9 141.1
al: -78.7 -26.3 -16.9
cz: -132.6 59.8 99.9
iz: -180.1 -44.9 62.6
s1: -32.2 -23.1 170.0
s2: 13.5 28.4 124.2
s3: 7.1 39.4 44.2
s4: -37.5 35.1 -1.6
s5: -11.5 57.6 49.2
s6: -7.7 35.3 137.6
s7: -48.7 39.3 160.2
s8: -48.4 68.1 33.2
s9: -98.2 16.9 -28.2
s10: -151.9 -16.4 -15.3
s11: -144.1 26.5 -10.4
s12: -185.9 18.4 15.0
s13: -91.3 -49.1 181.3
s14: -154.0 -65.6 149.9
s15: -137.3 -32.8 173.2
s16: -184.5 -21.1 141.1
d1: -3.8 -4.9 153.8
d2: 22.2 26.3 88.7
d3: -15.1 37.6 15.5
d4: -54.3 71.6 15.6
d5: -7.2 60.3 93.1
d6: -40.7 7.1 174.1
d7: -26.0 57.8 126.1
d8: -33.5 78.7 73.3
d9: -108.8 44.2 -13.7
d10: -133.8 0.5 -23.0
d11: -171.3 9.9 0.7
d12: -156.7 53.7 16.7
d13: -113.6 -8.5 186.3
d14: -129.3 -55.7 171.8
d15: -170.9 -44.1 150.0
d16: -59.7 82.3 76.1
d17: -52.7 63.1 100.2
d18: -129.7 60.8 98.5
d19: -181.2 14.3 82.8
d20: -150.6 -53.8 12.8
d21: -158.7 -79.1 108.4
