nz: 26.3 -37.0 83.8
ar: -72.7 -89.3 153.0
al: -75.0 -31.2 -16.9
cz: -125.9 72.0 110.8
iz: -190.7 -49.1 67.6
s1: -41.2 -18.1 184.0
s2: 23.7 5.3 128.3
s3: 13.0 28.6 51.8
s4: -32.3 39.6 1.5
s5: -7.7 60.8 57.5
s6: 5.6 25.7 142.6
s7: -14.7 7.3 169.0
s8: -46.8 75.7 42.6
s9: -105.3 30.0 -24.9
s10: -168.8 -2.6 -16.8
s11: -152.0 40.3 -8.9
s12: -184.5 29.5 21.6
s13: -100.9 -49.0 194.5
s14: -166.2 -65.5 159.1
s15: -145.3 -26.6 180.2
s16: -187.9 -9.6 147.5
d1: -3.3 -15.0 167.1
d2: 22.0 27.7 99.1
d3: 1.7 29.0 17.1
d4: -35.0 56.3 14.4
d5: 3.4 55.5 102.6
d6: -41.2 5.5 184.8
d7: 8.5 37.3 130.2
d8: -9.9 67.0 80.1
d9: -108.0 51.5 -10.0
d10: -108.4 -4.4 -31.0
d11: -187.0 20.1 0.6
d12: -156.9 63.7 15.0
d13: -106.8 -18.2 192.8
d14: -136.3 -59.4 177.7
d15: -172.3 -39.5 158.0
d16: -35.6 80.0 76.3
d17: -49.2 66.5 108.6
d18: -112.4 62.6 108.7
d19: -179.3 22.6 92.5
d20: -165.7 -47.4 9.2
d21: -166.2 -87.4 116.6
