nz: 14.3 -32.1 83.3
ar: -83.8 -65.3 138.2
al: -71.0 -36.2 -10.7
cz: -125.0 64.8 96.8
iz: -196.2 -47.7 56.5
s1: -43.6 -13.0 170.1
s2: 7.1 24.6 118.0
s3: 6.2 45.5 52.9
s4: -32.3 34.4 1.0
s5: -4.6 55.6 53.0
s6: -13.2 38.1 139.5
s7: -46.2 40.3 154.9
s8: -59.4 82.2 41.5
s9: -101.1 28.2 -18.6
s10: -163.9 6.4 -13.3
s11: -165.1 57.0 -2.5
s12: -184.9 44.1 26.6
s13: -108.8 -38.1 173.4
s14: -163.8 -51.5 149.4
s15: -144.9 -16.8 167.7
s16: -191.5 4.0 143.3
d1: -13.7 -1.8 154.9
d2: 20.4 29.2 89.2
d3: -5.7 40.2 21.2
d4: -35.2 55.8 19.2
d5: -1.3 58.7 97.0
d6: -57.0 24.7 165.8
d7: -16.1 59.7 121.1
d8: -26.5 79.1 75.7
d9: -118.7 67.2 -0.7
d10: -133.6 17.9 -18.8
d11: -175.9 30.3 3.2
d12: -150.6 72.2 22.5
d13: -107.8 -5.5 176.2
d14: -138.8 -48.1 161.2
d15: -174.8 -23.5 152.2
d16: -52.2 88.4 70.5
d17: -63.7 75.7 103.4
d18: -130.8 68.5 100.9
d19: -177.9 28.3 84.1
d20: -165.6 -38.5 14.8
d21: -167.4 -71.2 105.0
