nz: 18.3 -30.0 79.5
ar: -73.0 -82.5 133.0
al: -78.8 -31.2 -14.1
cz: -97.6 57.6 87.3
iz: -162.9 -66.4 52.7
s1: -24.2 -29.6 162.3
s2: 24.6 10.6 120.6
s3: 18.2 30.4 45.9
s4: -25.0 28.3 -3.3
s5: -0.4 58.2 48.0
s6: 10.1 30.3 131.8
s7: -23.4 30.0 151.3
s8: -35.6 68.0 28.7
s9: -88.5 9.6 -27.8
s10: -144.9 -22.3 -24.3
s11: -130.7 17.8 -18.8
s12: -165.9 17.3 6.5
s13: -77.2 -56.8 165.6
s14: -135.6 -73.9 138.8
s15: -113.9 -34.6 160.3
s16: -156.3 -17.6 132.0
d1: 10.4 -13.3 150.9
d2: 27.5 23.7 87.0
d3: -6.3 34.4 13.1
d4: -34.7 50.8 7.9
d5: 10.1 55.1 92.4
d6: -24.9 5.4 159.4
d7: -6.2 56.2 115.4
d8: -12.6 72.6 69.6
d9: -96.2 36.7 -15.8
d10: -123.0 -3.3 -25.6
d11: -151.6 2.7 -16.1
d12: -139.4 50.1 6.1
d13: -84.3 -16.0 167.8
d14: -108.0 -64.0 156.4
d15: -145.0 -43.7 141.9
d16: -32.9 77.5 62.5
d17: -30.6 55.7 89.4
d18: -100.8 58.4 84.2
d19: -156.3 18.3 73.6
d20: -146.2 -64.0 3.7
d21: -126.5 -106.8 99.3
