nz: 33.6 -38.8 67.2
ar: -64.3 -109.8 118.3
al: -58.4 -33.1 -25.3
cz: -123.8 40.6 102.0
iz: -174.4 -74.5 46.1
s1: -26.8 -56.5 156.4
s2: 25.3 -6.5 116.4
s3: 21.6 21.8 47.0
s4: -23.2 27.0 -4.6
s5: -5.5 53.5 52.9
s6: 1.4 11.2 140.9
s7: -43.7 5.2 160.2
s8: -46.4 64.0 43.6
s9: -85.0 6.0 -29.3
s10: -146.4 -33.1 -25.7
s11: -143.0 18.0 -13.7
s12: -183.8 5.3 20.1
s13: -83.6 -94.7 153.5
s14: -133.4 -115.6 129.8
s15: -129.1 -76.8 160.8
s16: -175.1 -64.8 133.9
d1: 6.2 -35.0 141.2
d2: 22.4 9.8 88.2
d3: -9.3 35.8 21.9
d4: -32.6 47.9 18.9
d5: 0.4 41.5 98.8
d6: -25.3 -35.0 158.2
d7: -18.7 31.0 133.1
d8: -27.3 64.1 87.7
d9: -112.0 33.7 -12.6
d10: -117.2 -8.4 -32.3
d11: -165.0 -8.7 -8.8
d12: -159.6 39.5 14.8
d13: -92.7 -65.9 166.3
d14: -114.7 -105.5 145.1
d15: -157.4 -87.5 138.5
d16: -42.5 67.5 76.9
d17: -53.4 42.5 104.3
d18: -120.5 33.2 97.9
d19: -175.7 -8.5 83.0
d20: -143.3 -73.6 -5.3
d21: -133.0 -121.3 80.7
