nz: 31.3 -12.5 85.0
ar: -71.1 -26.3 173.4
al: -70.4 -32.4 -1.0
cz: -93.0 94.7 82.1
iz: -183.4 -9.4 90.7
s1: -16.1 25.8 180.8
s2: 34.8 46.8 115.1
s3: 25.3 38.5 31.1
s4: -24.6 25.3 -12.7
s5: 9.5 67.4 28.9
s6: 16.0 72.6 126.6
s7: -22.3 85.4 151.5
s8: -30.2 82.0 16.2
s9: -89.1 10.3 -22.9
s10: -145.9 -10.1 -6.6
s11: -132.6 31.9 -10.9
s12: -167.1 47.1 15.4
s13: -86.1 16.5 199.1
s14: -153.5 2.4 177.8
s15: -129.5 38.4 184.8
s16: -169.8 49.9 150.2
d1: 8.1 44.9 157.2
d2: 30.3 57.8 76.0
d3: -0.0 34.3 0.3
d4: -30.7 54.6 -5.2
d5: 9.4 88.2 75.8
d6: -35.9 73.4 169.7
d7: -4.1 99.5 105.0
d8: -2.6 95.0 53.2
d9: -96.0 43.2 -16.6
d10: -125.7 2.9 -13.7
d11: -158.2 24.5 1.3
d12: -139.3 69.1 3.7
d13: -87.3 49.1 191.9
d14: -118.3 9.6 189.9
d15: -166.2 27.6 171.3
d16: -23.0 97.1 38.5
d17: -27.5 91.4 75.9
d18: -103.7 97.9 80.2
d19: -163.4 65.1 84.2
d20: -159.6 -40.3 37.2
d21: -158.6 -31.8 140.6
